Insieme 1
N.Elementi: 50
Elementi insieme: 11 13 17 19 23 28 34 43 45 48 52 54 56 67 68 70 74 97 99 106 107 110 113 117 120 122 131 132 150 153 158 165 175 181 185 193 216 237 238 242 252 261 262 265 266 276 286 288 297 298 

Insieme 2
N.Elementi: 80
Elementi insieme: 1 3 7 15 22 25 28 33 34 36 37 38 39 50 57 58 70 79 81 82 84 85 88 91 94 95 97 104 106 109 110 117 119 123 124 132 133 134 135 139 145 150 153 157 158 159 164 165 169 175 176 177 183 185 186 187 189 193 195 199 200 202 205 207 216 217 218 220 237 240 241 246 247 251 257 258 276 285 294 299 

Insieme Unione 1-2
N.Elementi: 130
Elementi insieme: 1 3 7 11 13 15 17 19 22 23 25 28 28 33 34 34 36 37 38 39 43 45 48 50 52 54 56 57 58 67 68 70 70 74 79 81 82 84 85 88 91 94 95 97 97 99 104 106 106 107 109 110 110 113 117 117 119 120 122 123 124 131 132 132 133 134 135 139 145 150 150 153 153 157 158 158 159 164 165 165 169 175 175 176 177 181 183 185 185 186 187 189 193 193 195 199 200 202 205 207 216 216 217 218 220 237 237 238 240 241 242 246 247 251 252 257 258 261 262 265 266 276 276 285 286 288 294 297 298 299 

Insieme Intersezione 1-2
N.Elementi: 18
Elementi insieme: 28 34 70 97 106 110 117 132 150 153 158 165 175 185 193 216 237 276 
